40000
39402
38799
38189
37602
37025
36446
35880
35293
34733
34188
33635
33082
32541
32014
31498
30981
30452
29957
29459
28975
28498
27998
27523
27055
26592
26130
25687
25254
24796
24365
23931
23504
23091
22669
22289
21874
21452
21046
20681
20292
19897
19517
19146
18766
18402
18042
17699
17369
17043
16719
16401
16062
15740
15417
15113
14824
14489
14205
13929
13629
13345
13072
12794
12515
12262
12024
11746
11504
11270
11011
10764
10523
10285
10065
9847
9636
9414
9228
9022
8832
8600
8411
8223
8013
7842
7664
7472
7312
7133
6958
6785
6641
6494
6321
6181
6004
5850
5679
5533
5391
5232
5091
4956
4830
4690
4559
4428
4310
4200
4080
3984
3852
3736
3616
3511
3402
3308
3187
3103
3013
2909
2826
2728
2629
2546
2460
2374
2277
2196
2111
2042
1972
1897
1826
1748
1691
1617
1563
1504
1447
1395
1335
1269
1220
1172
1119
1068
1026
987
946
902
852
812
776
732
691
654
625
592
560
530
507
471
448
419
392
370
350
331
309
289
266
245
224
204
188
176
162
149
139
125
115
102
92
87
75
67
57
53
45
38
32
25
20
15
11
7
4
1
