79 773
24
0 34
1 15 32 344
1 55 57 620
1 70 76 101
0 23
0 25
0 27
0 33
1 37 60 565
0 8
1 27 45 224
1 20 47 589
0 64
1 24 48 840
0 23
0 42
1 41 72 205
0 33
1 74 75 246
1 11 21 995
0 2
1 52 79 967
1 35 67 811
0 69
1 63 64 600
0 53
0 26
1 55 65 896
1 31 65 46
1 41 74 249
1 36 38 572
1 2 48 937
1 15 46 207
1 6 27 860
0 20
0 15
1 61 63 918
1 35 55 604
1 37 76 234
0 67
0 66
1 59 60 372
0 29
0 64
1 51 56 194
0 73
1 24 76 783
1 32 42 92
1 66 67 404
0 29
1 42 64 994
1 15 55 814
0 22
1 71 76 230
1 50 55 758
1 20 62 602
0 67
1 54 74 44
0 0
0 76
1 16 53 630
0 3
0 75
1 56 58 236
1 19 27 628
0 76
1 5 40 662
0 42
0 36
0 25
1 35 51 798
1 28 77 855
1 56 69 722
0 75
0 68
0 47
1 39 70 375
0 46
1 54 57 317
1 51 58 271
0 12
1 56 76 579
0 75
1 75 76 196
1 37 53 898
1 4 12 774
0 37
0 40
1 43 77 254
0 49
1 29 39 274
0 22
0 23
1 4 64 256
0 9
0 15
0 72
1 19 60 758
0 33
0 12
1 13 79 695
0 32
1 35 75 981
0 56
1 40 78 561
1 78 79 880
0 17
1 60 70 786
0 68
0 7
1 14 70 23
1 77 78 558
1 74 77 354
0 24
1 40 58 363
0 26
1 47 79 861
0 63
0 42
1 69 74 436
1 26 66 344
1 0 10 174
1 3 47 136
1 58 70 969
0 7
0 23
1 43 77 501
0 73
1 55 69 795
1 21 50 520
1 39 63 677
1 12 32 424
1 5 28 177
1 47 74 610
1 62 69 292
1 65 68 895
1 57 79 326
0 67
0 51
1 50 53 739
0 1
1 16 66 688
1 68 71 951
0 59
0 6
1 64 71 321
1 68 74 309
0 48
1 37 68 703
1 48 72 633
0 50
0 11
1 41 45 196
0 64
1 0 68 128
1 60 73 240
1 78 79 843
1 73 79 936
0 14
0 23
1 53 59 925
0 55
1 11 74 92
1 30 51 689
1 1 19 303
0 14
1 41 53 743
1 40 50 417
1 58 77 337
0 21
0 36
1 75 79 671
0 64
1 26 71 397
1 35 40 607
1 23 53 539
0 70
1 49 67 454
0 36
0 22
0 3
0 1
0 68
1 53 61 479
1 1 8 682
0 31
1 54 71 389
0 61
1 63 71 522
1 23 33 772
1 13 70 866
0 40
0 42
1 10 18 97
1 21 54 768
1 3 33 834
0 6
0 54
0 11
0 25
1 78 79 235
1 66 68 370
0 35
0 65
0 73
0 65
1 16 40 589
1 59 78 534
1 15 39 67
1 3 74 704
0 49
0 24
1 2 68 556
1 17 45 602
1 34 49 458
0 2
1 65 69 276
1 51 78 249
1 43 54 109
1 57 63 685
0 4
1 31 73 435
1 14 30 16
0 66
1 71 73 329
1 0 6 638
1 34 35 633
1 45 70 107
0 0
1 36 45 476
1 0 78 35
1 51 67 728
1 20 56 690
0 63
1 31 35 129
1 32 44 586
0 37
0 61
1 74 76 765
0 0
0 5
0 12
1 35 42 296
0 68
0 36
1 30 57 803
0 77
1 76 78 942
1 24 76 314
0 9
1 53 62 67
1 22 53 791
1 11 22 488
0 36
1 60 71 116
1 63 76 142
1 47 71 472
1 21 73 905
0 57
0 32
0 30
1 64 69 296
1 4 76 549
0 45
1 43 61 581
0 22
1 33 45 661
0 12
1 70 78 175
1 32 79 405
0 71
1 21 65 259
1 32 64 864
0 37
1 23 67 106
1 15 39 406
0 30
0 12
1 23 66 273
0 1
1 26 40 954
0 55
0 61
1 60 64 47
1 42 74 109
1 41 77 903
0 40
1 26 43 382
0 22
1 23 71 141
1 76 78 144
1 27 60 59
0 52
0 51
1 34 46 922
1 9 20 386
0 2
0 65
0 5
0 27
1 11 25 922
0 48
1 24 58 242
0 4
1 69 78 831
1 69 75 430
0 56
1 31 32 651
1 57 67 594
0 73
1 2 41 471
0 7
1 0 38 451
1 55 61 815
1 72 75 260
0 54
1 25 51 255
0 68
0 67
1 71 77 92
1 65 69 745
1 72 77 825
0 54
0 33
0 43
0 13
1 43 60 609
0 38
1 52 57 579
0 26
1 21 68 188
0 3
0 38
1 1 56 648
1 60 75 622
0 48
0 28
1 72 77 955
0 53
1 60 66 245
1 34 36 666
0 26
0 19
0 41
1 64 65 668
1 10 45 930
0 63
0 48
1 35 37 742
1 24 52 138
1 40 71 285
0 52
1 23 70 438
0 28
1 30 69 841
0 56
0 13
0 24
0 11
1 42 56 293
0 44
1 48 54 239
0 10
1 74 75 348
1 12 28 513
1 33 39 152
1 46 60 470
0 75
1 64 76 537
0 42
0 34
1 0 45 807
0 37
0 36
1 37 60 465
1 15 49 688
0 4
1 26 45 154
0 52
1 34 77 189
1 55 58 373
0 44
1 78 79 988
0 16
0 20
1 11 48 98
0 27
1 76 77 58
1 0 46 397
0 78
0 76
1 78 79 786
0 48
0 69
1 58 64 349
1 25 76 108
1 48 76 590
0 33
1 58 67 440
1 1 23 166
1 78 79 818
1 75 79 36
0 14
1 8 72 498
1 35 37 425
1 30 32 120
0 46
1 69 75 310
1 26 37 776
0 72
1 44 50 892
0 24
1 78 79 505
1 56 71 846
0 16
0 67
1 62 75 854
1 53 60 709
1 36 62 768
0 72
1 9 25 618
1 44 71 876
0 54
0 52
1 35 67 879
1 28 36 767
0 10
0 56
0 20
0 51
0 16
1 67 70 965
1 17 54 387
0 61
1 47 63 70
0 30
1 35 65 587
1 68 69 948
0 46
0 72
1 62 79 176
0 51
1 18 71 129
1 29 70 205
0 12
1 74 79 21
1 52 79 330
1 12 15 677
0 33
1 71 75 391
1 49 64 548
1 44 65 336
1 74 77 501
0 48
0 64
0 71
1 5 70 551
0 15
1 58 67 946
0 23
1 8 46 323
1 43 79 409
0 8
0 60
0 52
1 49 68 937
1 46 77 76
0 74
0 25
0 13
1 38 61 290
1 49 77 224
0 13
0 44
0 4
1 8 72 433
0 7
0 10
1 69 74 175
1 70 71 477
1 32 56 825
0 58
1 66 72 553
0 14
0 30
1 17 50 557
1 36 57 764
1 73 76 915
0 48
1 13 64 760
0 74
0 36
0 31
0 37
1 45 47 115
1 67 72 271
1 61 79 980
1 40 57 683
1 10 41 610
1 53 75 832
1 18 61 357
1 7 21 290
1 64 69 999
1 17 35 82
1 12 75 199
1 22 69 508
1 24 37 11
0 46
0 42
1 41 45 356
0 47
1 70 75 173
1 44 67 83
1 30 41 172
0 28
0 35
0 64
1 59 68 58
0 27
1 2 36 226
0 22
1 43 56 259
1 57 79 4
0 28
0 1
1 68 69 415
0 69
0 41
1 47 67 435
1 50 78 691
1 50 53 345
1 56 58 37
0 46
1 45 71 812
1 55 59 227
1 1 25 1000
0 66
0 71
1 28 63 738
0 17
1 23 57 149
0 70
0 28
1 19 78 67
1 36 61 699
1 6 40 663
0 26
1 1 69 818
0 23
0 77
0 77
0 47
1 77 78 321
0 32
1 30 79 437
0 36
0 71
1 56 75 917
1 26 43 859
0 25
0 73
0 11
1 1 57 379
1 58 59 555
1 5 78 500
0 57
0 14
0 43
0 37
0 29
0 13
1 11 37 778
0 15
0 40
0 46
1 23 62 918
1 71 78 36
1 8 53 602
1 71 79 560
0 60
1 42 48 387
0 28
0 37
0 78
0 19
1 54 76 247
1 72 74 861
1 8 73 526
0 28
0 44
0 59
1 28 48 176
1 0 46 418
0 51
1 15 68 728
0 32
1 4 68 604
0 19
0 44
0 25
1 57 65 34
1 10 14 468
0 63
0 44
0 26
0 74
1 53 54 899
1 50 54 271
1 63 74 981
0 75
1 75 76 802
0 7
0 46
1 70 78 853
1 14 31 903
1 38 73 145
1 15 20 816
0 47
0 18
1 11 70 550
0 32
1 27 75 893
1 41 48 687
0 12
0 23
1 70 77 250
0 41
0 70
1 56 66 454
1 45 70 690
1 20 29 515
1 51 61 59
0 51
0 76
0 28
0 56
1 61 69 898
1 29 34 982
1 71 76 246
0 43
0 25
1 9 16 79
0 60
1 10 26 171
0 29
1 66 79 983
0 47
0 12
0 56
0 33
1 33 39 332
0 77
0 22
0 63
0 14
1 10 74 729
0 75
0 74
0 67
0 61
0 51
1 6 75 43
1 64 78 820
0 9
0 42
0 46
0 25
1 10 30 782
0 52
1 73 79 120
0 26
0 69
1 9 34 893
1 38 72 783
1 45 53 592
1 2 9 350
0 64
0 13
1 19 24 839
0 57
1 61 69 789
1 73 79 328
1 16 29 43
0 29
0 68
1 52 74 158
0 9
0 55
0 35
0 25
1 69 70 524
1 76 78 488
0 69
0 59
1 52 62 663
0 57
0 25
1 7 46 344
1 15 64 173
1 28 79 853
0 48
1 13 14 260
0 40
1 72 76 469
0 21
0 65
1 4 44 659
0 13
0 25
1 15 35 977
1 75 79 304
0 72
1 65 78 37
0 78
0 39
1 28 32 18
1 57 77 570
0 78
0 62
1 32 59 919
1 58 78 384
1 25 48 849
1 17 50 184
0 65
0 35
0 27
0 40
0 10
1 9 52 910
0 20
0 74
0 56
0 5
0 2
0 52
0 57
1 66 73 736
1 21 78 378
0 20
0 39
0 75
0 54
0 3
0 14
1 23 77 470
1 56 59 591
0 58
1 50 63 468
0 68
1 62 72 13
0 78
1 39 52 745
0 37
0 6
1 9 77 527
1 64 74 757
0 64
1 2 63 828
1 23 71 171
0 58
1 12 65 55
0 24
1 2 69 313
1 27 52 205
1 61 78 370
1 38 41 130
1 36 66 501
0 52
1 4 33 720
0 19
1 1 52 366
1 75 76 826
0 41
