0
2
3
2
5
6
7
4
3
10
11
6
13
14
15
4
17
6
19
10
21
22
23
6
5
26
3
14
29
30
31
4
33
34
35
6
37
38
39
10
41
42
43
22
15
46
47
6
7
10
51
26
53
6
55
14
57
58
59
30
61
62
21
4
65
66
67
34
69
70
71
6
73
74
15
38
77
78
79
10
6
82
83
42
85
86
87
22
89
30
91
46
93
94
95
6
97
14
33
10
101
102
103
26
105
106
107
6
109
110
111
14
113
114
115
58
39
118
119
30
11
122
123
62
5
42
127
4
129
130
131
66
133
134
15
34
137
138
139
70
141
142
143
6
145
146
21
74
149
30
151
38
51
154
155
78
157
158
159
10
161
6
163
82
165
166
167
42
13
170
57
86
173
174
35
22
177
178
179
30
181
182
183
46
185
186
187
94
21
190
191
6
193
194
195
14
197
66
199
10
201
202
203
102
205
206
69
26
209
210
211
106
213
214
215
6
217
218
219
110
221
222
223
14
15
226
227
114
229
230
231
58
233
78
235
118
237
238
239
30
241
22
6
122
35
246
247
62
249
10
251
42
253
254
255
4
257
258
259
130
87
262
263
66
265
266
267
134
269
30
271
34
273
274
55
138
277
278
93
70
281
282
283
142
285
286
287
6
17
290
291
146
293
42
295
74
33
298
299
30
301
302
303
38
305
102
307
154
309
310
311
78
313
314
105
158
317
318
319
10
321
322
323
6
65
326
327
82
329
330
331
166
111
334
335
42
337
26
339
170
341
114
7
86
345
346
347
174
349
70
39
22
353
354
355
178
357
358
359
30
19
362
33
182
365
366
367
46
123
370
371
186
373
374
15
94
377
42
379
190
381
382
383
12
385
386
129
194
389
390
391
14
393
394
395
66
397
398
399
10
401
402
403
202
15
406
407
102
409
410
411
206
413
138
415
26
417
418
419
210
421
422
141
106
85
426
427
214
429
430
431
6
433
434
435
218
437
438
439
110
21
442
443
222
445
446
447
14
449
30
451
226
453
454
455
114
457
458
51
230
461
462
463
58
465
466
467
78
469
470
471
118
473
474
95
238
159
478
479
30
481
482
483
22
485
6
487
122
489
70
491
246
493
494
165
62
497
498
499
10
501
502
503
42
505
506
39
254
509
510
511
8
57
514
515
258
517
518
519
130
521
174
523
262
105
526
527
66
23
530
177
266
533
534
535
134
537
538
77
30
541
542
543
34
545
546
547
274
183
110
551
138
553
554
555
278
557
186
559
70
561
562
563
282
565
566
21
142
569
570
571
286
573
574
115
6
577
34
579
290
581
582
583
146
195
586
587
42
589
590
591
74
593
66
595
298
597
598
599
30
601
602
201
302
55
606
607
38
609
610
611
102
613
614
615
154
617
618
619
310
69
622
623
78
5
626
627
314
629
210
631
158
633
634
635
318
91
638
213
10
641
642
643
322
645
646
647
6
649
130
651
326
653
654
655
82
219
658
659
330
661
662
663
166
665
222
667
334
669
670
671
42
673
674
15
26
677
678
679
170
681
682
683
114
685
14
687
86
689
690
691
346
231
694
695
174
697
698
699
70
701
78
703
22
705
706
707
354
709
710
237
178
713
714
715
358
717
718
719
30
721
38
723
362
145
66
727
182
6
730
731
366
733
734
105
46
737
246
739
370
741
742
743
186
745
746
249
374
749
30
751
94
753
754
755
42
757
758
759
190
761
762
763
382
255
766
767
12
769
770
771
386
773
258
155
194
777
778
779
390
781
782
87
14
785
786
787
394
789
790
791
66
793
794
795
398
797
798
799
10
267
802
803
402
805
806
807
202
809
30
811
406
813
814
815
102
817
818
273
410
821
822
823
206
165
826
827
138
829
830
831
26
119
834
835
418
93
838
839
210
29
842
843
422
65
282
77
106
849
170
851
426
853
854
285
214
857
858
859
430
861
862
863
6
865
866
51
434
869
870
871
218
291
874
35
438
877
878
879
110
881
42
883
442
885
886
887
222
889
890
33
446
893
894
895
14
897
898
899
30
901
902
903
226
905
906
907
454
303
910
911
114
913
914
915
458
917
102
919
230
921
922
923
462
185
926
309
58
929
930
133
466
933
934
935
78
937
938
939
470
941
942
943
118
105
946
947
474
949
190
951
238
953
318
955
478
957
958
959
30
31
962
321
482
965
966
967
22
969
970
971
6
973
974
195
122
977
978
979
70
327
982
983
246
985
986
987
494
989
330
991
62
993
994
995
498
997
998
111
