15 2 98 1 62 0 
10 2 65 1 99 0 
90 0 90 1 42 0 
17 1 50 0 3 0 
84 1 51 1 93 0 
85 1 26 1 92 0 
28 1 22 1 86 0 
35 0 38 1 91 0 
83 1 44 0 21 0 
27 2 86 0 3 0 
44 2 52 1 62 0 
31 0 31 0 92 0 
77 2 17 0 52 0 
32 0 55 1 99 0 
90 0 67 0 3 0 
33 1 41 1 22 0 
70 1 73 0 57 0 
28 0 28 0 16 0 
87 1 90 0 75 0 
10 0 25 1 69 0 
81 1 53 0 20 0 
21 0 25 1 70 0 
2 0 12 0 54 0 
69 0 81 0 89 0 
95 2 5 0 33 0 
15 2 86 1 8 0 
77 2 72 0 30 0 
54 0 44 0 61 0 
27 0 27 1 18 0 
17 2 72 0 85 0 
76 2 36 1 44 0 
20 2 33 0 58 0 
24 2 98 0 6 0 
4 1 37 1 64 0 
79 1 27 0 28 0 
49 2 49 0 57 0 
59 1 15 0 42 0 
51 2 19 1 46 0 
19 0 50 1 25 0 
91 2 66 0 52 0 
85 1 43 0 84 0 
8 0 16 1 47 0 
96 1 93 0 31 0 
32 2 79 0 57 0 
55 2 65 1 52 0 
67 1 76 0 29 0 
26 2 13 1 18 0 
6 1 28 1 5 0 
62 1 82 0 3 0 
13 1 94 1 35 0 
8 2 38 0 6 0 
10 1 9 1 41 0 
84 2 42 1 25 0 
65 2 74 1 55 0 
29 1 8 0 82 0 
28 0 91 0 16 0 
27 1 62 0 67 0 
71 0 85 0 1 0 
61 1 4 1 14 0 
95 0 69 0 11 0 
72 2 64 0 40 0 
77 0 23 1 35 0 
84 2 54 0 69 0 
71 0 50 0 82 0 
44 1 36 0 37 0 
89 1 88 0 71 0 
48 2 43 0 26 0 
57 0 36 0 84 0 
67 0 20 1 46 0 
48 2 51 0 5 0 
62 1 8 1 18 0 
17 2 88 1 14 0 
66 1 19 1 25 0 
11 1 71 0 12 0 
82 1 41 0 94 0 
59 0 18 0 69 0 
91 0 67 1 88 0 
100 0 29 1 10 0 
44 2 75 0 20 0 
95 0 83 1 14 0 
63 2 91 1 79 0 
5 1 98 0 53 0 
69 1 41 0 4 0 
99 1 34 0 2 0 
44 1 79 1 72 0 
32 0 8 1 30 0 
95 1 33 0 20 0 
16 1 54 0 9 0 
7 1 10 0 90 0 
60 2 31 0 83 0 
15 1 95 1 40 0 
43 2 56 1 5 0 
24 1 95 1 26 0 
42 1 6 1 41 0 
98 0 25 0 61 0 
81 2 41 1 21 0 
40 1 50 1 95 0 
88 2 85 0 92 0 
56 2 93 1 53 0 
91 1 49 1 73 0 
