83 1 20 1 17 1 92 0 
95 3 63 2 98 1 27 0 
24 1 43 0 35 1 27 0 
60 0 20 0 85 0 22 0 
52 3 48 0 44 1 17 0 
45 0 88 1 23 1 65 0 
23 1 48 1 54 0 37 0 
48 1 5 1 88 1 74 0 
80 3 29 0 13 1 89 0 
55 3 97 1 84 0 91 0 
50 1 79 1 70 1 32 0 
54 0 74 2 26 1 2 0 
29 3 11 1 24 1 20 0 
98 2 4 0 65 1 54 0 
21 1 31 2 11 1 87 0 
1 0 52 2 2 1 100 0 
84 1 50 1 25 0 38 0 
98 2 26 2 100 0 68 0 
87 2 2 2 95 0 23 0 
92 2 1 2 89 1 58 0 
8 0 56 2 95 1 39 0 
57 0 64 1 57 1 92 0 
96 2 17 1 32 0 54 0 
30 3 21 2 93 1 5 0 
41 1 40 2 75 1 22 0 
23 1 98 0 40 0 47 0 
100 0 58 1 53 1 13 0 
8 0 87 0 41 1 88 0 
78 2 37 1 16 0 14 0 
83 1 59 1 12 0 64 0 
10 2 97 2 80 0 24 0 
15 1 88 0 57 1 36 0 
94 1 27 1 19 1 20 0 
60 0 19 1 47 1 32 0 
87 3 81 0 67 1 77 0 
97 0 88 2 52 1 40 0 
36 1 49 1 73 1 95 0 
53 1 98 1 99 0 44 0 
63 2 89 2 45 1 31 0 
32 3 9 2 70 1 18 0 
15 3 68 2 94 1 76 0 
32 3 57 1 69 1 68 0 
6 0 69 0 76 1 81 0 
49 1 29 1 35 0 98 0 
83 0 48 0 16 0 87 0 
79 3 89 1 51 1 21 0 
74 0 32 1 2 1 53 0 
98 2 28 2 61 1 100 0 
18 3 37 2 57 1 18 0 
43 0 43 0 76 1 98 0 
85 1 88 1 47 1 10 0 
98 3 38 2 73 1 19 0 
46 0 1 1 35 0 74 0 
88 2 78 1 56 0 25 0 
13 1 70 1 74 0 74 0 
1 2 42 1 74 0 60 0 
85 2 47 0 58 1 25 0 
46 1 64 0 71 1 5 0 
12 3 73 1 25 1 57 0 
45 1 15 2 12 1 94 0 
36 2 45 2 82 1 4 0 
100 1 86 1 83 0 98 0 
32 1 46 1 74 0 79 0 
63 2 16 0 61 1 9 0 
56 0 11 2 49 0 85 0 
34 0 73 2 69 0 50 0 
45 1 41 0 25 0 15 0 
69 2 100 2 70 0 88 0 
87 1 1 1 28 0 8 0 
26 1 27 0 50 0 29 0 
55 0 12 2 4 0 13 0 
49 1 69 0 32 1 44 0 
64 3 31 0 78 0 4 0 
46 3 8 0 21 1 39 0 
72 1 27 0 60 0 43 0 
26 0 38 1 26 1 28 0 
86 1 80 2 54 1 63 0 
36 1 87 1 76 1 94 0 
75 3 4 0 95 1 18 0 
49 0 68 2 94 0 62 0 
49 2 28 0 6 1 37 0 
5 3 2 1 15 0 63 0 
26 1 30 2 35 0 37 0 
60 2 61 2 91 0 18 0 
79 2 56 0 96 0 64 0 
65 3 70 0 26 0 47 0 
48 3 22 0 57 0 64 0 
83 3 71 0 38 0 73 0 
10 1 82 1 44 0 17 0 
81 3 97 0 47 1 32 0 
30 2 97 2 99 0 56 0 
69 0 33 2 65 0 49 0 
43 2 4 1 19 0 96 0 
84 3 12 0 59 0 3 0 
58 1 19 1 70 0 92 0 
74 2 31 1 65 0 66 0 
60 3 42 2 37 0 56 0 
23 0 20 2 85 1 17 0 
55 2 9 2 21 1 63 0 
13 0 47 2 95 1 54 0 
