67 2 14 2 84 4 94 3 20 1 47 1 27 0
75 5 22 1 68 4 31 3 78 1 39 0 18 0
46 6 18 5 98 4 58 0 4 0 61 0 20 0
94 6 6 2 67 3 37 3 16 1 81 0 78 0
96 2 61 2 26 4 20 0 25 0 23 1 51 0
18 2 5 0 79 2 92 0 55 0 46 1 99 0
101 1 6 5 99 4 44 3 63 1 62 1 10 0
12 6 53 5 13 2 97 2 69 0 61 0 60 0
26 6 45 2 94 3 87 1 10 2 16 0 32 0
35 1 20 1 19 3 52 2 58 2 33 1 18 0
14 0 22 4 26 3 62 2 98 1 46 1 72 0
21 0 39 0 93 3 30 3 51 0 92 0 1 0
38 4 32 5 41 3 42 0 27 0 94 1 41 0
74 6 18 4 3 2 9 2 13 0 71 0 15 0
78 0 97 1 19 4 64 1 23 1 1 0 59 0
91 3 19 2 27 1 61 2 53 1 23 1 43 0
87 5 23 1 19 1 11 2 73 2 97 0 10 0
25 4 49 0 85 2 63 2 84 2 43 1 76 0
76 3 95 3 66 2 57 3 5 2 22 0 33 0
42 3 15 1 97 1 77 2 93 1 91 1 71 0
85 4 80 1 31 2 72 1 23 1 82 0 66 0
41 3 83 0 52 0 41 1 35 0 52 0 48 0
76 0 7 0 85 1 62 0 75 1 35 0 63 0
22 5 62 2 1 1 61 3 19 2 59 1 72 0
24 4 69 0 17 3 24 2 88 0 83 0 87 0
83 1 52 0 27 1 46 3 23 0 7 0 63 0
79 2 75 1 70 3 79 1 96 0 80 0 96 0
13 0 55 3 38 4 76 1 79 1 67 1 15 0
78 2 36 0 52 2 16 2 4 1 73 1 94 0
19 0 72 2 79 0 36 1 57 1 23 1 35 0
51 0 47 5 62 1 66 1 35 1 2 0 96 0
90 3 20 3 53 1 48 3 17 2 81 0 28 0
61 3 6 1 83 3 78 0 85 2 46 0 96 0
7 4 53 2 84 3 5 1 9 0 32 1 95 0
6 6 90 2 15 3 94 0 76 0 12 1 23 0
60 2 44 3 62 2 11 2 40 0 82 1 98 0
45 3 26 0 45 4 27 1 34 2 81 0 27 0
59 5 3 3 83 3 35 0 36 2 10 0 3 0
97 5 15 3 91 1 72 2 67 2 40 0 56 0
84 3 20 3 71 1 39 0 55 0 36 1 54 0
45 0 38 4 94 4 21 3 46 1 65 0 48 0
97 2 96 4 66 4 18 0 20 1 82 1 71 0
99 5 39 4 93 0 32 2 67 0 35 1 4 0
98 1 64 0 54 0 34 0 13 0 30 0 99 0
73 5 75 4 4 4 51 3 26 0 44 1 7 0
74 1 22 3 3 4 13 2 64 0 45 1 70 0
96 1 3 1 61 4 64 0 23 2 3 1 33 0
81 4 91 0 92 1 56 3 74 0 77 0 20 0
25 0 5 0 19 4 25 3 99 2 8 1 101 0
49 3 66 5 40 3 77 2 39 1 79 0 14 0
25 6 10 5 33 0 78 3 33 1 31 0 100 0
20 0 17 5 99 1 2 0 16 2 67 0 91 0
67 1 5 2 73 3 95 0 60 2 35 1 29 0
50 1 75 0 71 0 47 1 47 1 6 1 19 0
54 4 3 3 61 2 72 2 3 2 14 1 97 0
95 1 32 0 25 1 5 3 40 0 38 0 88 0
28 5 34 0 34 1 14 3 53 1 50 1 38 0
85 3 93 0 20 3 46 1 6 1 3 0 1 0
37 0 38 0 21 3 84 1 18 0 87 1 66 0
17 0 68 4 89 3 5 1 57 1 13 0 10 0
50 1 73 3 71 3 83 3 33 0 96 1 72 0
91 5 83 1 48 2 53 0 33 0 26 1 70 0
24 4 84 4 94 0 35 2 3 0 14 0 24 0
94 4 46 4 23 0 25 2 91 1 13 1 67 0
29 2 43 5 55 1 25 0 57 2 30 0 91 0
90 4 68 0 76 0 64 3 77 0 90 0 71 0
49 3 2 5 9 0 76 0 82 0 20 1 77 0
11 0 26 1 89 3 52 0 59 1 51 1 81 0
4 5 18 5 85 3 71 0 79 0 60 0 32 0
55 4 90 2 80 2 68 0 91 0 85 1 53 0
23 6 10 4 29 0 52 1 35 1 94 0 4 0
97 3 13 1 22 0 78 0 8 1 67 1 90 0
58 3 16 0 84 2 65 1 56 1 84 0 99 0
49 4 4 3 92 0 75 2 2 1 36 0 50 0
22 1 17 1 12 0 82 0 37 2 4 1 28 0
15 5 29 0 5 3 58 3 18 1 42 0 68 0
51 1 29 0 100 0 94 3 14 0 90 0 22 0
12 3 48 4 35 2 81 1 34 0 10 1 35 0
12 4 70 4 39 1 65 1 53 2 8 1 51 0
31 0 86 1 67 0 99 3 14 2 37 1 2 0
72 3 17 1 20 2 64 1 98 2 23 1 56 0
29 5 25 0 70 2 5 2 69 0 24 0 22 0
80 6 76 4 11 2 80 0 13 1 12 1 12 0
59 0 16 1 87 0 17 0 5 2 69 0 99 0
49 0 33 4 48 0 84 0 12 2 52 1 33 0
98 0 48 3 98 0 96 1 39 1 3 0 19 0
49 1 17 1 26 2 86 1 96 1 50 1 30 0
11 2 62 0 76 2 63 2 21 0 9 0 89 0
4 1 86 1 79 0 51 0 39 1 100 0 9 0
76 4 55 1 81 2 59 3 9 1 82 1 9 0
81 3 25 1 97 0 88 3 16 1 3 0 19 0
58 2 16 4 79 3 31 1 53 0 4 1 58 0
12 3 74 3 6 2 48 0 13 2 53 1 44 0
56 6 87 5 80 3 32 1 13 1 32 0 86 0
88 5 73 2 68 1 90 3 87 0 25 1 77 0
21 2 1 4 90 1 8 0 62 2 78 0 61 0
67 5 90 3 88 4 27 1 91 1 56 0 88 0
100 4 26 2 30 2 38 1 97 2 29 1 7 0
55 4 27 3 20 0 93 1 7 0 43 0 2 0
5 0 45 2 98 3 73 2 81 1 96 1 89 0
