8 10 40 7 34 8 13 2 65 1 32 0 10 4 18 3 77 2 100 0 3 0
76 10 41 3 36 0 9 5 61 4 75 5 43 4 82 2 76 1 25 0 90 0
75 9 58 4 14 0 90 4 4 1 84 1 81 3 96 0 88 0 36 0 63 0
11 1 73 6 19 7 80 4 90 1 33 2 82 3 75 0 3 1 92 1 22 0
60 1 9 2 55 4 77 4 28 5 85 5 84 2 85 3 33 0 42 0 3 0
7 10 90 3 10 0 46 1 95 6 51 0 24 3 23 1 38 1 17 1 33 0
68 3 9 8 39 4 42 7 6 0 3 4 34 0 2 1 38 0 88 1 48 0
19 2 17 0 76 0 76 6 78 1 71 1 20 1 90 1 41 0 47 0 100 0
87 0 95 5 92 1 63 1 87 1 14 4 90 4 52 1 65 1 6 0 100 0
31 7 16 2 25 6 39 4 37 0 100 0 35 0 50 2 32 2 17 0 19 0
37 10 69 8 18 6 90 2 88 5 3 0 96 0 6 2 8 2 43 0 93 0
64 4 89 2 50 1 51 6 35 2 44 3 6 0 56 1 82 1 13 1 57 0
42 7 5 5 66 6 67 6 42 5 98 0 97 1 19 3 71 0 64 0 65 0
77 1 46 6 10 0 97 3 92 2 61 5 75 1 43 3 100 0 52 1 25 0
94 0 82 4 49 4 2 3 27 5 71 3 84 0 86 1 29 1 1 1 77 0
64 0 6 7 39 0 76 1 73 5 51 5 44 2 73 1 89 1 24 0 6 0
53 4 69 5 43 8 19 6 36 2 83 0 10 2 8 0 83 1 30 0 58 0
45 7 96 4 3 6 99 0 35 1 73 5 7 2 56 3 75 1 83 1 78 0
68 10 87 7 99 3 97 0 28 0 33 1 70 4 87 3 3 2 56 0 85 0
55 6 47 6 35 4 83 7 40 0 80 3 58 2 5 1 1 0 7 0 53 0
62 8 7 0 80 6 86 7 97 0 42 0 83 0 40 0 11 0 70 1 10 0
85 2 87 7 51 0 89 5 74 1 23 0 13 1 92 0 97 1 55 1 48 0
66 8 40 8 41 4 51 3 96 5 35 1 66 0 75 3 6 1 87 1 51 0
9 9 97 3 94 3 65 4 70 5 87 2 55 4 86 3 97 2 72 1 12 0
33 9 39 5 20 8 75 7 70 1 67 5 41 3 81 2 76 1 14 0 34 0
97 4 38 0 8 8 27 0 76 6 10 1 4 3 77 2 9 1 57 0 9 0
31 7 88 3 85 2 87 3 87 6 52 1 3 2 43 2 86 2 96 1 97 0
33 7 52 2 64 3 93 6 51 2 16 0 100 3 85 0 44 0 85 0 46 0
84 2 37 8 58 1 16 0 32 2 12 1 65 3 40 2 18 0 60 1 3 0
27 10 100 5 42 5 29 4 22 2 46 4 29 2 93 0 35 2 69 0 19 0
85 10 21 2 88 4 57 4 82 1 9 0 51 0 17 3 17 2 1 0 8 0
31 0 88 0 94 4 40 1 31 4 46 3 29 3 51 3 60 2 8 1 59 0
41 7 44 7 36 0 45 2 38 4 61 3 29 2 68 0 44 1 65 0 36 0
25 4 74 4 82 0 78 3 62 0 40 3 89 0 26 0 90 1 49 1 25 0
15 9 61 9 57 6 3 6 13 0 31 4 62 3 33 2 37 0 57 0 26 0
85 1 59 6 57 3 76 5 27 0 57 5 9 0 32 2 31 0 89 1 68 0
76 6 3 7 19 1 59 7 4 0 21 3 36 2 27 0 1 1 39 0 9 0
25 4 8 6 11 2 8 4 66 3 85 0 12 2 20 2 49 0 98 0 87 0
31 9 95 2 95 2 75 5 74 4 94 3 59 4 85 0 98 2 11 0 13 0
38 4 53 7 72 4 45 0 65 3 65 5 13 1 59 1 28 2 5 1 26 0
35 6 34 2 46 6 55 1 51 2 1 4 77 3 59 2 82 0 52 1 75 0
47 5 56 4 59 7 5 3 1 4 11 2 65 2 35 2 97 1 64 0 17 0
75 8 54 1 31 6 86 3 7 5 13 4 60 1 55 3 18 2 46 0 25 0
61 9 100 1 76 4 21 3 72 0 76 4 64 1 71 3 62 2 51 0 54 0
48 0 34 5 48 5 53 5 15 3 67 0 19 4 97 0 30 2 17 1 31 0
58 3 97 9 75 1 30 7 53 3 12 2 42 1 21 0 68 0 71 1 42 0
89 10 58 3 8 3 54 1 39 2 71 2 58 0 81 0 20 2 37 0 73 0
5 7 54 3 25 7 88 2 8 2 37 4 49 1 66 3 15 1 38 0 28 0
28 3 53 7 60 6 42 0 47 2 17 2 42 2 3 3 95 1 2 0 74 0
38 8 70 2 1 5 9 5 100 3 4 5 5 4 56 2 79 2 6 0 81 0
45 1 12 7 58 7 60 4 69 0 50 3 70 0 97 1 61 0 95 0 7 0
80 1 35 7 53 6 31 2 25 2 80 2 28 1 4 3 70 0 15 1 43 0
96 7 52 1 24 4 1 0 91 1 71 5 19 2 94 0 65 1 66 0 19 0
45 2 14 5 76 2 61 4 22 3 85 5 86 2 38 1 49 1 10 0 26 0
1 10 69 5 71 4 65 4 67 3 61 3 5 2 26 1 62 2 96 1 72 0
62 6 43 1 89 8 98 6 45 3 41 5 9 2 48 3 92 2 26 1 65 0
41 3 86 6 22 4 44 3 56 3 52 4 41 0 18 0 95 1 51 1 12 0
9 3 50 9 46 3 38 0 91 1 75 1 36 0 1 0 91 1 21 0 82 0
32 10 11 7 28 7 78 4 37 0 50 3 22 2 13 3 40 1 81 1 72 0
47 6 7 4 57 2 72 4 79 4 80 0 37 2 15 3 42 1 96 1 24 0
64 10 23 7 30 5 76 0 16 4 85 1 31 1 14 2 21 0 33 0 100 0
42 4 46 4 51 4 49 2 27 3 65 0 46 2 43 0 23 2 20 1 77 0
67 3 51 8 37 4 88 5 57 6 18 5 46 2 34 2 96 2 51 0 35 0
83 7 92 5 19 3 5 2 76 6 99 1 77 4 6 1 53 1 74 0 51 0
100 0 28 8 43 2 63 7 68 4 94 2 40 2 72 2 72 0 32 1 54 0
45 2 99 7 19 8 55 5 29 3 36 1 90 2 93 0 78 1 10 1 23 0
50 5 31 5 81 6 52 1 10 6 13 2 95 0 41 3 32 1 59 1 16 0
22 0 37 8 46 6 92 3 88 6 10 2 31 3 6 0 31 0 95 0 41 0
58 2 20 1 59 2 100 5 41 1 33 0 42 0 67 0 4 1 48 1 68 0
91 3 51 2 96 6 76 1 13 3 6 2 84 0 18 1 44 1 42 0 12 0
53 3 12 8 20 7 64 0 12 3 42 3 25 2 57 3 95 2 35 1 84 0
39 0 53 3 14 8 67 1 67 6 97 0 69 2 51 2 1 1 99 0 39 0
21 6 41 1 7 2 77 4 28 2 92 0 50 4 53 2 75 1 53 0 67 0
75 7 90 1 44 7 97 0 7 2 36 1 55 3 37 2 44 2 69 1 1 0
23 2 61 3 97 0 55 5 27 1 84 0 81 1 44 2 68 1 10 0 10 0
66 2 55 9 11 6 64 2 13 4 40 2 2 0 90 0 17 0 73 1 17 0
88 1 54 5 28 3 22 3 62 5 57 3 35 0 67 0 54 2 86 1 44 0
19 3 9 7 82 8 3 7 20 3 81 2 32 2 15 3 76 0 13 1 98 0
5 3 84 6 31 4 28 2 87 4 4 2 71 0 49 2 60 0 76 0 61 0
69 5 8 0 7 6 55 5 70 2 77 3 76 2 69 3 31 2 24 1 89 0
8 1 88 1 24 8 44 4 82 0 15 5 96 2 22 3 60 2 54 1 54 0
1 0 55 1 64 7 49 1 63 3 45 5 87 1 79 1 61 1 89 1 42 0
89 4 51 6 51 0 11 7 3 3 49 4 13 0 99 1 75 1 64 0 54 0
43 7 59 6 48 6 80 5 32 5 4 4 45 1 42 0 94 2 100 0 90 0
88 1 95 9 31 8 71 3 86 5 58 4 57 3 66 0 14 0 55 1 57 0
96 8 77 0 62 2 25 4 4 2 82 1 97 2 32 0 38 1 24 1 69 0
91 7 46 0 2 1 35 3 84 0 11 2 79 3 50 2 42 0 92 0 33 0
70 9 84 8 60 3 56 0 81 1 52 4 66 3 96 0 90 1 72 1 20 0
10 8 97 1 1 6 79 3 87 6 67 2 36 4 47 3 75 2 49 0 28 0
65 0 15 2 80 8 80 7 2 2 88 2 38 4 99 1 64 2 56 0 32 0
36 7 82 2 35 4 83 2 51 3 15 3 10 0 18 1 63 1 51 1 62 0
60 6 39 8 42 7 67 6 37 0 22 4 96 1 4 1 36 0 44 1 20 0
17 2 2 1 72 3 90 2 55 2 47 0 59 3 75 2 43 0 99 0 46 0
65 5 77 3 18 6 79 2 8 1 44 2 55 1 40 3 99 0 58 1 38 0
35 1 27 1 84 4 79 7 56 2 21 1 56 2 73 3 46 1 27 1 68 0
85 6 86 4 30 8 44 6 100 4 46 2 64 4 12 3 80 1 98 0 52 0
98 5 49 0 4 8 81 4 40 2 43 3 19 1 42 1 71 0 85 1 17 0
35 3 49 0 55 3 6 7 26 2 59 3 84 0 10 3 11 0 69 0 87 0
100 4 30 8 14 1 85 3 47 2 19 5 6 2 17 1 17 1 77 0 74 0
97 3 33 3 9 5 22 1 11 5 26 3 42 2 20 3 5 0 34 0 91 0