袗薪谐谢懈泄褋泻懈泄 褟蟹褘泻	23	19	22	22
袗褋褌褉芯薪芯屑懈褟	56	55	55	55
袘懈芯谢芯谐懈褟	18	15	17	17
袚械芯谐褉邪褎懈褟	25	14	22	22
袠薪褎芯褉屑邪褌懈泻邪	14	7	13	13
袠褋泻褍褋褋褌胁芯 (袦啸袣)	17	13	17	17
袠褋锌邪薪褋泻懈泄 褟蟹褘泻	9	7	9	9
袠褋褌芯褉懈褟	38	37	38	38
袠褌邪谢褜褟薪褋泻懈泄 褟蟹褘泻	2	1	2	2
袣懈褌邪泄褋泻懈泄 褟蟹褘泻	9	5	7	7
袥懈褌械褉邪褌褍褉邪	39	31	31	31
袦邪褌械屑邪褌懈泻邪	24	22	22	22
袧械屑械褑泻懈泄 褟蟹褘泻	19	15	17	17
袨袘袞	10	6	10	10
袨斜褖械褋褌胁芯蟹薪邪薪懈械	32	28	32	32
袩褉邪胁芯	11	10	11	11
袪褍褋褋泻懈泄 褟蟹褘泻	27	20	25	25
孝械褏薪芯谢芯谐懈褟	42	0	0	40
肖懈蟹懈泻邪	45	6	37	37
肖懈蟹懈褔械褋泻邪褟 泻褍谢褜褌褍褉邪	25	23	25	25
肖褉邪薪褑褍蟹褋泻懈泄 褟蟹褘泻	12	9	10	10
啸懈屑懈褟	13	10	13	13
协泻芯谢芯谐懈褟	15	14	14	14
协泻芯薪芯屑懈泻邪