2 1 2 0 3 1 3 0 2 1 2 0 71 1 7 0 2 1 2 0 3 1 
1 2 3 2 1 0 3 0 1 2 27 2 1 0 10 0 1 2 3 2 1 0 
1 4 2 4 1 4 32 4 1 0 2 0 1 0 99 0 1 4 2 4 1 4 
1 0 2 0 1 0 3 0 1 0 2 0 1 0 25 0 1 0 2 0 1 0 
1 0 2 0 1 0 3 0 1 0 2 0 1 0 29 0 1 0 2 0 1 0 
1 0 2 0 1 0 3 0 1 0 2 0 1 0 41 0 1 0 2 0 1 0 
1 0 2 0 1 0 3 0 1 0 2 0 1 0 8 0 1 0 2 0 1 0 
1 0 2 0 1 0 3 0 1 0 2 0 1 0 95 0 1 0 2 0 1 0 
1 0 2 0 1 0 3 0 1 0 2 0 1 0 38 0 1 0 2 0 1 0 
1 0 2 0 1 0 3 0 1 0 2 0 1 0 66 0 1 0 2 0 1 0 
1 0 2 0 1 0 3 0 1 0 2 0 1 0 35 0 1 0 2 0 1 0 
1 0 2 0 1 0 3 0 1 0 2 0 1 0 36 0 1 0 2 0 1 0 
1 0 2 0 1 0 3 0 1 0 2 0 1 0 38 0 1 0 2 0 1 0 
1 0 2 0 1 0 3 0 1 0 2 0 1 0 26 0 1 0 2 0 1 0 
1 0 2 0 1 0 3 0 1 0 2 0 1 0 20 0 1 0 2 0 1 0 
1 0 2 0 1 0 3 0 1 0 2 0 1 0 58 0 1 0 2 0 1 0 
1 0 2 0 1 0 3 0 1 0 2 0 1 0 40 0 1 0 2 0 1 0 
1 0 2 0 1 0 3 0 1 0 2 0 1 0 46 0 1 0 2 0 1 0 
1 0 2 0 1 0 3 0 1 0 2 0 1 0 77 0 1 0 2 0 1 0 
1 0 2 0 1 0 3 0 1 0 2 0 1 0 79 0 1 0 2 0 1 0 
1 0 2 0 1 0 3 0 1 0 2 0 1 0 20 0 1 0 2 0 1 0 
1 0 2 0 1 0 3 0 1 0 2 0 1 0 61 0 1 0 2 0 1 0 
1 0 2 0 1 0 3 0 1 0 2 0 1 0 37 0 1 0 2 0 1 0 
1 0 2 0 1 0 3 0 1 0 2 0 1 0 49 0 1 0 2 0 1 0 
1 0 2 0 1 0 3 0 1 0 2 0 1 0 8 0 1 0 2 0 1 0 
1 0 2 0 1 0 3 0 1 0 2 0 1 0 64 0 1 0 2 0 1 0 
1 0 2 0 1 0 3 0 1 0 2 0 1 0 5 0 1 0 2 0 1 0 
1 0 2 0 1 0 3 0 1 0 2 0 1 0 26 0 1 0 2 0 1 0 
1 0 2 0 1 0 3 0 1 0 2 0 1 0 92 0 1 0 2 0 1 0 
1 0 2 0 1 0 3 0 1 0 2 0 1 0 33 0 1 0 2 0 1 0 
1 0 2 0 1 0 3 0 1 0 2 0 1 0 90 0 1 0 2 0 1 0 
1 0 2 0 1 0 3 0 1 0 2 0 1 0 64 0 1 0 2 0 1 0 
1 0 2 0 1 0 3 0 1 0 2 0 1 0 62 0 1 0 2 0 1 0 
1 0 2 0 1 0 3 0 1 0 2 0 1 0 8 0 1 0 2 0 1 0 
1 0 2 0 1 0 3 0 1 0 2 0 1 0 55 0 1 0 2 0 1 0 
1 0 2 0 1 0 3 0 1 0 2 0 1 0 95 0 1 0 2 0 1 0 
1 0 2 0 1 0 3 0 1 0 2 0 1 0 71 0 1 0 2 0 1 0 
1 0 2 0 1 0 3 0 1 0 2 0 1 0 53 0 1 0 2 0 1 0 
1 0 2 0 1 0 3 0 1 0 2 0 1 0 5 0 1 0 2 0 1 0 
1 0 2 0 1 0 3 0 1 0 2 0 1 0 19 0 1 0 2 0 1 0 
1 0 2 0 1 0 3 0 1 0 2 0 1 0 31 0 1 0 2 0 1 0 
1 0 2 0 1 0 3 0 1 0 2 0 1 0 34 0 1 0 2 0 1 0 
1 0 2 0 1 0 3 0 1 0 2 0 1 0 42 0 1 0 2 0 1 0 
1 0 2 0 1 0 3 0 1 0 2 0 1 0 80 0 1 0 2 0 1 0 
1 0 2 0 1 0 3 0 1 0 2 0 1 0 9 0 1 0 2 0 1 0 
1 0 2 0 1 0 3 0 1 0 2 0 1 0 81 0 1 0 2 0 1 0 
1 0 2 0 1 0 3 0 1 0 2 0 1 0 5 0 1 0 2 0 1 0 
1 0 2 0 1 0 3 0 1 0 2 0 1 0 43 0 1 0 2 0 1 0 
1 0 2 0 1 0 3 0 1 0 2 0 1 0 70 0 1 0 2 0 1 0 
1 0 2 0 1 0 3 0 1 0 2 0 1 0 13 0 1 0 2 0 1 0 
1 0 2 0 1 0 3 0 1 0 2 0 1 0 12 0 1 0 2 0 1 0 
1 0 2 0 1 0 3 0 1 0 2 0 1 0 62 0 1 0 2 0 1 0 
1 0 2 0 1 0 3 0 1 0 2 0 1 0 12 0 1 0 2 0 1 0 
1 0 2 0 1 0 3 0 1 0 2 0 1 0 55 0 1 0 2 0 1 0 
1 0 2 0 1 0 3 0 1 0 2 0 1 0 5 0 1 0 2 0 1 0 
1 0 2 0 1 0 3 0 1 0 2 0 1 0 7 0 1 0 2 0 1 0 
1 0 2 0 1 0 3 0 1 0 2 0 1 0 50 0 1 0 2 0 1 0 
1 0 2 0 1 0 3 0 1 0 2 0 1 0 46 0 1 0 2 0 1 0 
1 0 2 0 1 0 3 0 1 0 2 0 1 0 49 0 1 0 2 0 1 0 
1 0 2 0 1 0 3 0 1 0 2 0 1 0 55 0 1 0 2 0 1 0 
1 0 2 0 1 0 3 0 1 0 2 0 1 0 14 0 1 0 2 0 1 0 
1 0 2 0 1 0 3 0 1 0 2 0 1 0 21 0 1 0 2 0 1 0 
1 0 2 0 1 0 3 0 1 0 2 0 1 0 51 0 1 0 2 0 1 0 
1 0 2 0 1 0 3 0 1 0 2 0 1 0 82 0 1 0 2 0 1 0 
1 0 2 0 1 0 3 0 1 0 2 0 1 0 12 0 1 0 2 0 1 0 
1 0 2 0 1 0 3 0 1 0 2 0 1 0 72 0 1 0 2 0 1 0 
1 0 2 0 1 0 3 0 1 0 2 0 1 0 60 0 1 0 2 0 1 0 
1 0 2 0 1 0 3 0 1 0 2 0 1 0 11 0 1 0 2 0 1 0 
1 0 2 0 1 0 3 0 1 0 2 0 1 0 25 0 1 0 2 0 1 0 
1 0 2 0 1 0 3 0 1 0 2 0 1 0 53 0 1 0 2 0 1 0 
1 0 2 0 1 0 3 0 1 0 2 0 1 0 83 0 1 0 2 0 1 0 
1 0 2 0 1 0 3 0 1 0 2 0 1 0 41 0 1 0 2 0 1 0 
1 0 2 0 1 0 3 0 1 0 2 0 1 0 7 0 1 0 2 0 1 0 
1 0 2 0 1 0 3 0 1 0 2 0 1 0 99 0 1 0 2 0 1 0 
1 0 2 0 1 0 3 0 1 0 2 0 1 0 82 0 1 0 2 0 1 0 
1 0 2 0 1 0 3 0 1 0 2 0 1 0 57 0 1 0 2 0 1 0 
1 0 2 0 1 0 3 0 1 0 2 0 1 0 20 0 1 0 2 0 1 0 
1 0 2 0 1 0 3 0 1 0 2 0 1 0 88 0 1 0 2 0 1 0 
1 0 2 0 1 0 3 0 1 0 2 0 1 0 5 0 1 0 2 0 1 0 
1 0 2 0 1 0 3 0 1 0 2 0 1 0 39 0 1 0 2 0 1 0 
1 0 2 0 1 0 3 0 1 0 2 0 1 0 51 0 1 0 2 0 1 0 
1 0 2 0 1 0 3 0 1 0 2 0 1 0 88 0 1 0 2 0 1 0 
1 0 2 0 1 0 3 0 1 0 2 0 1 0 59 0 1 0 2 0 1 0 
1 0 2 0 1 0 3 0 1 0 2 0 1 0 54 0 1 0 2 0 1 0 
1 0 2 0 1 0 3 0 1 0 2 0 1 0 6 0 1 0 2 0 1 0 
1 0 2 0 1 0 3 0 1 0 2 0 1 0 53 0 1 0 2 0 1 0 
1 0 2 0 1 0 3 0 1 0 2 0 1 0 32 0 1 0 2 0 1 0 
1 0 2 0 1 0 3 0 1 0 2 0 1 0 93 0 1 0 2 0 1 0 
1 0 2 0 1 0 3 0 1 0 2 0 1 0 81 0 1 0 2 0 1 0 
1 0 2 0 1 0 3 0 1 0 2 0 1 0 44 0 1 0 2 0 1 0 
1 0 2 0 1 0 3 0 1 0 2 0 1 0 15 0 1 0 2 0 1 0 
1 0 2 0 1 0 3 0 1 0 2 0 1 0 76 0 1 0 2 0 1 0 
1 0 2 0 1 0 3 0 1 0 2 0 1 0 31 0 1 0 2 0 1 0 
1 0 2 0 1 0 3 0 1 0 2 0 1 0 57 0 1 0 2 0 1 0 
1 0 2 0 1 0 3 0 1 0 2 0 1 0 71 0 1 0 2 0 1 0 
1 0 2 0 1 0 3 0 1 0 2 0 1 0 84 0 1 0 2 0 1 0 
1 0 2 0 1 0 3 0 1 0 2 0 1 0 37 0 1 0 2 0 1 0 
1 0 2 0 1 0 3 0 1 0 2 0 1 0 93 0 1 0 2 0 1 0 
1 0 2 0 1 0 3 0 1 0 2 0 1 0 20 0 1 0 2 0 1 0 
1 0 2 0 1 0 3 0 1 0 2 0 1 0 18 0 1 0 2 0 1 0 
