83
1 3 4 6 7 9 10 11 12 13 15 16 17 18 19 20 23 24 25 26 27 28 31 32 33 34 35 36 37 38 39 40 41 42 43 44 45 46 47 48 49 50 51 52 53 54 55 56 57 59 60 61 62 64 65 66 67 68 69 70 71 72 73 74 75 76 77 78 79 80 81 82 83 84 85 86 87 88 89 90 92 94 95 
70
1 2 3 4 6 7 9 11 12 15 17 18 19 21 22 23 24 27 29 30 31 32 33 34 35 36 38 39 40 41 42 43 44 45 47 48 49 50 51 52 53 54 55 57 58 59 60 61 62 64 66 67 68 71 72 74 75 76 77 78 79 80 81 82 83 84 85 86 87 88 
74
1 2 4 5 6 7 8 10 11 13 15 16 18 20 22 23 25 26 27 28 31 32 33 34 35 36 37 38 39 40 41 42 43 44 45 46 47 48 49 50 51 52 53 54 55 56 57 58 59 60 61 62 63 64 65 66 67 69 71 72 73 74 75 76 77 78 79 80 81 82 83 84 85 86 
60
1 2 3 4 5 6 7 9 11 12 13 15 16 17 18 22 23 24 25 26 27 28 29 30 33 34 35 37 38 39 40 41 43 44 46 47 48 49 50 51 53 54 55 57 59 60 61 62 63 64 66 67 72 73 74 75 76 78 79 80 
65
3 4 5 7 8 10 11 13 14 15 16 17 18 19 21 22 23 24 25 26 28 30 31 33 34 35 36 37 38 39 40 41 42 43 45 46 47 48 49 50 51 52 53 54 55 56 57 58 59 61 62 64 65 66 67 68 70 71 72 74 75 76 78 79 80 
76
1 2 3 4 5 6 7 8 9 10 11 13 15 17 19 22 23 24 26 27 28 29 30 33 34 35 36 37 38 39 40 41 42 43 44 45 46 47 48 49 50 51 52 53 54 55 56 57 58 59 60 61 62 63 64 65 66 68 69 71 72 73 74 77 78 79 80 81 82 83 84 85 87 88 89 90 
72
1 2 3 4 5 6 7 8 9 10 11 12 13 16 17 18 20 21 22 23 24 25 27 28 30 31 32 33 34 35 36 37 38 39 40 42 43 44 45 46 48 49 50 51 52 55 57 58 59 60 61 62 63 64 65 66 67 68 69 70 73 74 75 76 77 78 79 80 81 83 84 85 
