4
4 3 1 6

34
6 1 3 4 


6
2 2 1 3 5 4

56
5 4 3 1 2 2 
5 4 3 1 2 2 


7
4 4 3 3 2 5 8

119
8 5 3 2 3 4 4 
8 5 3 2 3 4 4 


4
1 6 3 6

35
6 3 1 6 


5
3 1 3 7 8

62
8 7 1 3 3 
8 7 1 3 3 


5
6 6 1 6 3

63
6 3 1 6 6 
6 3 1 6 6 


7
7 8 8 6 5 2 6

154
6 6 5 2 7 8 8 
6 6 5 2 7 8 8 
6 6 5 2 7 8 8 
6 6 5 2 7 8 8 


5
1 8 3 1 4

47
4 1 1 3 8 
4 3 1 1 8 


6
3 2 4 4 6 2

66
6 4 2 2 3 4 


7
7 5 4 2 5 6 6

140
6 6 5 2 4 5 7 
6 6 5 2 4 5 7 


