100
6 6 6 7 8 6
0 0 0 0 0 0
1000
7 7 8 8 7 7
0 0 0 0 0 0
100000
80 58 44 39 36 51
36 30 33 34 37 34
300000
100 99 90 95 102 97
106 107 102 120 110 109
700000
258 245 250 239 244 247
254 253 266 280 249 260
1000000
359 362 359 387 353 364
372 381 372 380 375 376
5000000
2062 2033 1988 1991 2014 2017
2069 2063 2088 2097 2087 2080
20000000
9280 8624 8728 8338 8259 8645
9095 9032 9273 9052 9078 9106
80000000
41003 40857 41853 43598 38054 41073
39976 40114 40239 39931 40341 40120
100000000
63513 57470 56974 54211 53359 57105
50704 52139 52362 51337 58669 53042
